import numpy as np

pfT_values = np.array(
            [
                1e-05,
                1e-04,
                1e-03,
                1e-02,
                1e-01,
                1.5e-01,
                2e-01,
                3e-01,
                5e-01,
                7e-01,
                1.0,
                1.3,
                1.7,
                2.0,
                3.0,
                5.0,
                7.0,
                10.0,
                15.0,
                20.0,
                30.0,
                50.0,
                70.0,
                100.0,
                130.0,
                170.0,
                200.0,
                250.0,
                300.0,
                500.0,
                700.0,
                1e03,
                1.5e03,
                2e03,
                3e03,
                4e03,
                5e03,
                6e03,
                7e03,
                8e03,
                9e03,
                1e04,
            ])

pfT_str = "T[K], 1.00000e-05, 1.00000e-04, 1.00000e-03, 1.00000e-02, 1.00000e-01, 1.50000e-01, 2.00000e-01, 3.00000e-01, 5.00000e-01, 7.00000e-01, 1.00000e+00, 1.30000e+00, 1.70000e+00, 2.00000e+00, 3.00000e+00, 5.00000e+00, 7.00000e+00, 1.00000e+01, 1.50000e+01, 2.00000e+01, 3.00000e+01, 5.00000e+01, 7.00000e+01, 1.00000e+02, 1.30000e+02, 1.70000e+02, 2.00000e+02, 2.50000e+02, 3.00000e+02, 5.00000e+02, 7.00000e+02, 1.00000e+03, 1.50000e+03, 2.00000e+03, 3.00000e+03, 4.00000e+03, 5.00000e+03, 6.00000e+03, 7.00000e+03, 8.00000e+03, 9.00000e+03, 1.00000e+04"